image: nshA.pgm
resolution: 0.050000
origin: [-55.000000, -18.500000, 0.0]
negate: 0
occupied_thresh: 0.50
free_thresh: 0.196
# mode: scale
